"Value"
14.9452580928
14.8298506944
15.271233376
16.5781715456
17.1349616256
16.9810850944
16.693578944
15.9636777664
15.367406208
14.5605667648
14.6567395968
14.5413321984
14.0999495168
13.4469866048
13.86913472
15.655924704
16.4435295808
16.693578944
16.4435295808
15.9818999872
15.6366901376
14.8298506944
13.9460729856
13.3508137728
13.4469866048
12.8132582592
13.1392335424
14.0807149504
14.714443296
15.0606654912
15.0414309248
14.4643939328
14.1191840832
13.5816285696
13.0622952768
13.6200977024
13.6575544896
13.7344927552
13.5623940032
14.618270464
15.3481716416
15.6174555712
15.8867395008
15.3289370752
14.9452580928
14.4643939328
13.2354063744
12.6978508608
12.3900977984
12.1592830016
12.9853570112
13.7344927552
13.7152581888
13.4662211712
13.3508137728
13.2738755072
12.9853570112
12.3516286656
12.0641225152
11.9487151168
11.2947398592
11.0264682752
11.257283072
12.75555456
13.4469866048
13.5816285696
13.504690304
13.6960236224
13.9460729856
14.4836284992
14.0230112512
14.0037766848
13.3315792064
13.1007644096
13.3508137728
14.5605667648
14.9452580928
15.4058753408
15.3481716416
15.0414309248
14.3307643136
13.7537273216
13.31234464
14.3115297472
14.4066902336
14.5413321984
14.0037766848
14.6567395968
15.1942951104
15.8098012352
16.3473567488
16.1742456512
15.3289370752
14.7721469952
14.5413321984
14.6759741632
14.7336778624
15.1760728896
16.0588382528
18.1533812992
19.4208379904
19.4208379904
19.1900231936
18.4793565824
17.7302208384
16.865677696
16.5397024128
16.5204678464
17.6725171392
17.3850109888
18.0764430336
18.8255787776
18.7871096448
18.3831837504
17.903331936
17.0195542272
16.2704184832
15.5212827392
14.6567395968
14.3884680128
13.9076038528
13.3315792064
12.7363199936
13.408517472
14.0230112512
14.34999888
14.4643939328
14.157653216
13.600863136
13.0430607104
12.5824434624
12.563208896
13.5623940032
14.0807149504
14.0037766848
14.2730606144
14.8683198272
14.7913815616
14.5605667648
14.0807149504
13.5239248704
12.4478014976
12.2554558336
11.9487151168
12.5055051968
12.370863232
12.9853570112
14.4259248
15.271233376
15.1376037568
14.618270464
14.061480384
13.1969372416
12.3516286656
11.5447892224
11.4486163904
11.1226411072
10.4889127616
10.4312090624
11.4870855232
11.9294805504
11.9871842496
11.9871842496
11.7948385856
11.5447892224
11.0072337088
10.3350362304
10.2003942656
10.3735053632
10.2580979648
10.872591744
11.6986657536
12.3516286656
12.659381728
12.8891841792
12.3516286656
12.2169867008
11.429381824
11.2765176384
11.2380485056
10.4696781952
10.123456
11.4870855232
12.927653312
13.4854557376
13.504690304
13.3508137728
12.8324928256
12.467036064
12.1977521344
11.7371348864
11.3909126912
12.6209125952
13.6575544896
13.6575544896
14.3307643136
15.4443444736
15.7905666688
16.2319493504
15.7905666688
14.6952087296
13.600863136
12.7940236928
12.2554558336
12.2939249664
13.1392335424
12.0641225152
15.2519988096
15.3866407744
15.6174555712
15.6174555712
15.5982210048
14.8875543936
14.3115297472
13.4662211712
13.1392335424
13.1969372416
13.0622952768
13.8883692864
14.9837272256
15.7328629696
15.8098012352
15.6943938368
15.4058753408
14.7721469952
14.0230112512
13.5816285696
13.216171808
12.467036064
12.3900977984
12.7170854272
14.061480384
14.8683198272
15.5020481728
15.5982210048
15.2135296768
14.9644926592
14.3884680128
13.600863136
13.8306655872
14.4643939328
13.6575544896
13.31234464
13.7537273216
14.0422458176
14.34999888
14.2730606144
13.8883692864
13.2546409408
12.7170854272
12.178517568
12.2939249664
12.006418816
12.563208896
12.927653312
14.810616128
15.4058753408
16.116541952
16.0780728192
15.9444432
15.46357904
14.9837272256
14.7336778624
14.522097632
15.2904679424
14.7336778624
15.1376037568
16.1550110848
17.807159104
19.037159008
19.037159008
18.556294848
17.6917517056
17.0195542272
16.4242950144
15.7328629696
14.9260235264
14.6567395968
14.90678896
16.5204678464
17.5378751744
17.8263936704
17.4234801216
16.7502702976
16.1742456512
15.6174555712
15.1568383232
14.714443296
14.3884680128
13.8883692864
15.1942951104
16.5204678464
17.2888381568
18.1341467328
18.3831837504
17.9225665024
17.2696035904
17.4811838208
16.7502702976
16.2704184832
16.1934802176
15.4828136064
16.0973073856
16.50123328
16.7502702976
17.710986272
17.8840973696
17.1734307584
16.3473567488
15.6174555712
15.0221963584
14.4451593664
14.2922951808
14.3307643136
14.253826048
16.6166406784
18.4408874496
19.5362453888
19.0563935744
18.5947639808
18.0956776
17.0772579264
16.3281221824
15.9059740672
15.8098012352
15.3481716416
16.3473567488
17.8263936704
18.6332331136
18.6909368128
18.4793565824
17.8263936704
17.0195542272
15.9059740672
15.2519988096
14.9452580928
15.0606654912
15.559751872
15.9252086336
16.1934802176
16.4242950144
16.3858258816
16.212714784
15.6366901376
14.7529124288
14.253826048
13.3892829056
13.1392335424
14.6375050304
15.848270368
15.8290358016
17.3657764224
17.5955788736
17.3273072896
16.9426159616
16.3665913152
16.116541952
15.5982210048
15.2519988096
15.9636777664
15.9818999872
16.0588382528
17.3657764224
18.4024183168
18.8832824768
18.844813344
18.6332331136
18.0572084672
17.2888381568
16.6743443776
16.4242950144
16.597406112
17.61481344
18.9025170432
19.3246651584
20.0738009024
20.246912
20.1892083008
19.7670601856
19.20925776
18.6909368128
17.4811838208
16.6166406784
16.6166406784
16.961850528
16.9426159616
17.3850109888
17.8648628032
18.4408874496
18.9986898752
18.7678750784
18.4985911488
17.6340480064
16.8849122624
16.1934802176
15.655924704
15.5982210048
15.3097025088
16.2704184832
17.903331936
18.460122016
18.2870109184
18.0379739008
17.6532825728
17.0195542272
17.3273072896
17.4234801216
17.3080727232
17.710986272
17.3080727232
18.3447146176
18.9794553088
18.9986898752
18.7678750784
18.3254800512
18.0379739008
17.2118998912
16.5589369792
15.752097536
15.5020481728
14.9644926592
13.8883692864
15.0221963584
16.02036912
17.5378751744
17.9418010688
17.903331936
17.7302208384
17.1157270592
16.0588382528
15.1183691904
14.8875543936
14.5605667648
14.522097632
14.9452580928
16.1550110848
16.9041468288
17.0003196608
17.442714688
16.7128135104
15.9818999872
15.1760728896
14.253826048
14.5028630656
14.6759741632
13.676789056
13.8306655872
14.2153569152
14.4451593664
14.6567395968
15.1568383232
15.1568383232
14.7529124288
13.9460729856
13.1777026752
12.75555456
12.4478014976
13.2931100736
14.1384186496
15.2135296768
16.0396036864
15.9636777664
15.4251099072
14.9837272256
14.3115297472
14.061480384
13.5816285696
14.0422458176
14.6567395968
14.90678896
14.9452580928
16.0011345536
16.769504864
17.3080727232
17.5196529536
17.4234801216
16.9233813952
15.9818999872
14.9837272256
14.4066902336
14.1384186496
14.1768877824
15.5020481728
16.5589369792
17.9610356352
17.8263936704
17.4619492544
17.2888381568
16.7128135104
15.655924704
14.8875543936
14.3884680128
13.8306655872
14.0999495168
14.6952087296
15.367406208
15.5405173056
15.7713321024
15.6366901376
15.3866407744
14.90678896
14.5605667648
14.4066902336
13.9460729856
13.31234464
12.8699496128
13.4469866048
14.6567395968
15.0414309248
14.9644926592
14.4836284992
14.1961223488
13.6960236224
13.0815298432
12.563208896
12.0833570816
11.9294805504
12.1400484352
12.7747891264
13.8306655872
14.4066902336
14.2730606144
14.0037766848
13.5816285696
13.0815298432
12.1218262144
11.6024929216
11.5640237888
12.006418816
12.3131595328
13.3892829056
14.1384186496
14.714443296
14.6952087296
14.4066902336
14.1384186496
13.9076038528
13.3892829056
13.1584681088
13.2931100736
13.86913472
13.9845421184
14.5605667648
15.2327642432
15.8867395008
16.0396036864
15.9059740672
15.5020481728
14.9452580928
13.7152581888
13.7537273216
14.6952087296
14.5605667648
14.6759741632
14.9260235264
16.0011345536
16.7310357312
16.7502702976
16.9233813952
16.6358752448
15.9636777664
15.46357904
15.3097025088
15.7328629696
16.02036912
16.5781715456
16.5589369792
17.1157270592
17.2311344576
17.6340480064
17.7494554048
17.4811838208
16.8079739968
16.02036912
15.6366901376
15.8290358016
